          33
          13
 F
  0.99999248747985425       0.99937648490340203       0.99876280792891736       0.99814722016025070       0.99752998212228128       0.99691148227131898       0.99629195672818627       0.99567157712700483       0.99505046324580515       0.99442869838453485       0.99380633418051034       0.99318340895868307       0.99255994833213756       0.99193597565263503       0.99131150700047077       0.99068655954408047       0.99006114473577334       0.98943527605597614       0.98880896211101377       0.98818221370228720       0.98755503764632246       0.98692744265590215       0.98629943447531854       0.98567102006536611       0.98504220456894354       0.98441299336222232       0.98378339134485915       0.98315340232975179       0.98252303169129462       0.98189228063300449       0.98126115649786827       0.98062965753019460       0.97999779167511081        0.0000000000000000        2.2053334854889143E-002   3.1158423496359500E-002   3.8145803321269496E-002   4.4037052552316269E-002   4.9227545416513682E-002   5.3920176829299282E-002   5.8235662348619023E-002   6.2252779640813674E-002   6.6026303484466434E-002   6.9596134960146411E-002   7.2992391494197506E-002   7.6238465234168107E-002   7.9352946804055774E-002   8.2350904711896836E-002   8.5244748462370831E-002   8.8044847465973797E-002   9.0759966217368440E-002   9.3397597001482577E-002   9.5964199050747920E-002   9.8465392213907807E-002  0.10090609772187981       0.10329065769272161       0.10562292307726985       0.10790633037760712       0.11014395995119521       0.11233858615391037       0.11449271873266945       0.11660863478936535       0.11868841240088356       0.12073394600849714       0.12274698024323324       0.12472911139828267        0.0000000000000000        3.6857870433178365E-004   7.3237643788719728E-004   1.0999542790234961E-003   1.4687255277450052E-003   1.8380593052260167E-003   2.2077880955966465E-003   2.5778522578994291E-003   2.9482246795764816E-003   3.3188820984332841E-003   3.6898065735513383E-003   4.0609769900705429E-003   4.4323759550289263E-003   4.8039846826575102E-003   5.1757891353318656E-003   5.5477736246274919E-003   5.9199269114810771E-003   6.2922358744713584E-003   6.6646913280514718E-003   7.0372822853039781E-003   7.4100010027436589E-003   7.7828382872093390E-003   8.1557873611909949E-003   8.5288405764654702E-003   8.9019917754325391E-003   9.2752347108455320E-003   9.6485635806172771E-003   1.0021973455374786E-002   1.0395458479248929E-002   1.0769015281430637E-002   1.1142637693815979E-002   1.1516323295198392E-002   1.1890066340767244E-002   0.0000000000000000        3.2092121328413974E-005   8.9677953697706286E-005   1.3509141400726491E-004   1.7903868731165227E-004   2.2232417576952725E-004   2.6509761787351808E-004   3.0740798059554763E-004   3.4928394292202338E-004   3.9075155061051709E-004   4.3183014981308280E-004   4.7253914703206053E-004   5.1289268620095026E-004   5.5290583770882019E-004   5.9258866776735173E-004   6.3195324531485186E-004   6.7100719544968773E-004   7.0976051097095178E-004   7.4821929248660313E-004   7.8639193089095200E-004   8.2428359557756804E-004   8.6190136257472403E-004   8.9924988543201760E-004   9.3633506664772873E-004   9.7316130380958779E-004   1.0097334032327808E-003   1.0460557095306711E-003   1.0821319755872270E-003   1.1179668332720635E-003   1.1535627170720653E-003   1.1889247479488995E-003   1.2240546391265213E-003   1.2589577419405635E-003   0.0000000000000000        1.2427019308722140E-006   7.8689229332419654E-006   1.2295369803128502E-005   1.6719801327673799E-005   2.1125319493564941E-005   2.5498264037741265E-005   2.9846757990118387E-005   3.4181681518458065E-005   3.8512210393784663E-005   4.2843812615880445E-005   4.7179442397080053E-005   5.1520813920687197E-005   5.5868612926594869E-005   6.0223555971598460E-005   6.4585770175367837E-005   6.8955745294715611E-005   7.3333355310810624E-005   7.7718975057356569E-005   8.2112394978473623E-005   8.6513937281650137E-005   9.0923394709835397E-005   9.5340970168676968E-005   9.9766478232225474E-005   1.0420001555255239E-004   1.0864148154513766E-004   1.1309083086478599E-004   1.1754806557960234E-004   1.2201294931328260E-004   1.2648564318293987E-004   1.3096579672617123E-004   1.3545349087095657E-004   1.3994855847278804E-004   0.0000000000000000        1.6376166147907321E-006   4.7467852164139558E-006   6.7510867026672433E-006   8.5400436175953241E-006   1.0164762834924441E-005   1.1634958973168675E-005   1.2959008814592362E-005   1.4147028361679562E-005   1.5208459618991605E-005   1.6151876204497502E-005   1.6984705933403722E-005   1.7713332744448929E-005   1.8343220238601679E-005   1.8879206577409438E-005   1.9325588336277512E-005   1.9686214185415600E-005   1.9964566409775369E-005   2.0163839443432873E-005   2.0287019077247178E-005   2.0336828868257216E-005   2.0315812684136622E-005   2.0226334635932644E-005   2.0070621472940969E-005   1.9850798851843130E-005   1.9568800102829395E-005   1.9226552803190625E-005   1.8825738997670807E-005   1.8368186335973901E-005   1.7855334072615235E-005   1.7288901823441805E-005   1.6670219256600246E-005   1.6000394297152270E-005   0.0000000000000000       -1.8958796296919299E-008   7.4931034646372504E-007   1.2938276901279217E-006   1.7794215208453086E-006   2.2162415039384701E-006   2.6063048451813769E-006   2.9541733901133286E-006   3.2642870527149177E-006   3.5397881506133827E-006   3.7827547641534077E-006   3.9943535046944672E-006   4.1753517162104856E-006   4.3262514859349157E-006   4.4474953253256224E-006   4.5394319880662165E-006   4.6023656027142662E-006   4.6365679275455316E-006   4.6423461749871242E-006   4.6199463645861202E-006   4.5696009918865624E-006   4.4915377925402867E-006   4.3859814309107017E-006   4.2531692291375474E-006   4.0932928508144920E-006   3.9065688267307296E-006   3.6931535991954401E-006   3.4532908273245317E-006   3.1871114421958253E-006   2.8948600453803574E-006   2.5766507281512447E-006   2.2326656653960189E-006   1.8631379560876182E-006   0.0000000000000000        3.5824538500256980E-008   1.0544233358412598E-007   2.3813956753055757E-007   3.5368105847811161E-007   4.5873927802590938E-007   5.5434861268068582E-007   6.4142133142452941E-007   7.2065035570707108E-007   7.9245217696389373E-007   8.5694265737699282E-007   9.1410964582130486E-007   9.6382787426279545E-007   1.0059764735618165E-006   1.0403975953741470E-006   1.0669621003207937E-006   1.0855095138380801E-006   1.0959469398008801E-006   1.0981622670032843E-006   1.0920579625815881E-006   1.0775115333062090E-006   1.0544545568735363E-006   1.0228043010342403E-006   9.8249650298060658E-007   9.3343962619987891E-007   8.7558204671048247E-007   8.0886466311274107E-007   7.3324436723756461E-007   6.4866631984841428E-007   5.5507024400839806E-007   4.5242150205191472E-007   3.4069164597202854E-007   2.1976203966033319E-007   0.0000000000000000       -2.2692510215664842E-008  -2.0389411775581827E-008  -1.8985730154320293E-009   1.2554652012827481E-008   2.3588381238817831E-008   3.2060890548490398E-008   3.8879740170817844E-008   4.4726468201879877E-008   4.9999923475124308E-008   5.4901151189848540E-008   5.9493095296627142E-008   6.3788996992654972E-008   6.7770775176778287E-008   7.1409374241288791E-008   7.4661391488475799E-008   7.7482226934179963E-008   7.9831917840159010E-008   8.1687179534764414E-008   8.2971913727058882E-008   8.3654819303372535E-008   8.3688052218989507E-008   8.3025694152914732E-008   8.1591729610137568E-008   7.9345812498173555E-008   7.6231873915400543E-008   7.2223656196553011E-008   6.7251211594589080E-008   6.1265044881385216E-008   5.4202634880250874E-008   4.6026851801598128E-008   3.6685482924766149E-008   2.6170334211932060E-008   0.0000000000000000       -4.3080811287555466E-009  -1.1102335849600632E-008  -8.2836451752930938E-009  -7.5146771800066751E-009  -8.0946557453851372E-009  -9.6224175905743423E-009  -1.1750314989526695E-008  -1.4211961866421635E-008  -1.6821552952892200E-008  -1.9455513032813377E-008  -2.2036251267428180E-008  -2.4491298614370572E-008  -2.6771430305497054E-008  -2.8825724012670224E-008  -3.0623031357791338E-008  -3.2125126799295473E-008  -3.3292638074793727E-008  -3.4105176122728559E-008  -3.4547180948535773E-008  -3.4574997765021675E-008  -3.4163654019658010E-008  -3.3302221480547477E-008  -3.1974646565926766E-008  -3.0166520529596492E-008  -2.7860049438861999E-008  -2.5046012677208203E-008  -2.1707729369870202E-008  -1.7838694474771738E-008  -1.3421260258948077E-008  -8.4570371050753464E-009  -2.9355408691420424E-009   3.1395404300363626E-009   0.0000000000000000       -2.0966962730146090E-009  -3.5675831010264021E-009  -3.6607380540823101E-009  -3.7776613040314537E-009  -4.3952674774471711E-009  -5.4192539270005511E-009  -6.7215197805004881E-009  -8.2004160954288387E-009  -9.7728556667170922E-009  -1.1392081279585965E-008  -1.3013532646542811E-008  -1.4607781573117756E-008  -1.6134781895938550E-008  -1.7574598026768132E-008  -1.8889841235531343E-008  -2.0050665957413789E-008  -2.1037510567276926E-008  -2.1822187923482361E-008  -2.2387862820946021E-008  -2.2712652303389634E-008  -2.2761027327695971E-008  -2.2513947887994483E-008  -2.1956121008527640E-008  -2.1060313909656169E-008  -1.9808419549483960E-008  -1.8186511197066049E-008  -1.6177670841220688E-008  -1.3758517546333448E-008  -1.0907331084989421E-008  -7.6099510680732248E-009  -3.8546713689068705E-009   3.7884928567159927E-010   0.0000000000000000       -3.2738485768077793E-010  -8.9097408711383449E-010  -7.9684997529406052E-010  -7.4144971416748503E-010  -7.9071059454645534E-010  -9.3972253363688448E-010  -1.1673374815891750E-009  -1.4557651008349897E-009  -1.7851422143595878E-009  -2.1449398249980332E-009  -2.5267245817646189E-009  -2.9165062951080795E-009  -3.3118836559249995E-009  -3.7031509882010489E-009  -4.0809710366493216E-009  -4.4401908262163174E-009  -4.7686755708655014E-009  -5.0578540748461642E-009  -5.3012968630673610E-009  -5.4836833115992126E-009  -5.6042166102894192E-009  -5.6560014267781450E-009  -5.6224027101808331E-009  -5.4896009465350124E-009  -5.2537203639290470E-009  -4.9085069143882404E-009  -4.4428953208012732E-009  -3.8475766265536208E-009  -3.1110079836377551E-009  -2.2237667749586450E-009  -1.1739498507611940E-009   4.5934312814269730E-011   0.0000000000000000       -1.2233472351325921E-010  -2.0053763875659536E-010  -1.8653894115081590E-010  -1.2023136334580976E-010  -8.2615554338316160E-011  -6.5581097008883960E-011  -6.0570854307188041E-011  -6.7573978694009834E-011  -7.6689439575434644E-011  -9.3935947358869278E-011  -1.1132925736573396E-010  -1.3284341472501021E-010  -1.5431250686662117E-010  -1.8009891734049475E-010  -2.0632567454720564E-010  -2.3415805937662975E-010  -2.6655737742047947E-010  -2.9693526026148584E-010  -3.2437465064428061E-010  -3.5094345837425037E-010  -3.7079322511829454E-010  -3.8549007691091574E-010  -3.9819670735410296E-010  -4.0405242673500266E-010  -3.9880390710365413E-010  -3.8448523021443410E-010  -3.5771886053854144E-010  -3.1888262501777109E-010  -2.6492638706310773E-010  -1.9474776465310823E-010  -1.0485801790123820E-010   5.5914586960600214E-012
   0.0000000000000000        0.0000000000000000        0.0000000000000000        0.0000000000000000        0.0000000000000000        0.0000000000000000        0.0000000000000000        0.0000000000000000        0.0000000000000000        0.0000000000000000        0.0000000000000000        0.0000000000000000        0.0000000000000000        0.0000000000000000        0.0000000000000000        0.0000000000000000        0.0000000000000000        0.0000000000000000        0.0000000000000000        0.0000000000000000        0.0000000000000000        0.0000000000000000        0.0000000000000000        0.0000000000000000        0.0000000000000000        0.0000000000000000        0.0000000000000000        0.0000000000000000        0.0000000000000000        0.0000000000000000        0.0000000000000000        0.0000000000000000        0.0000000000000000        0.0000000000000000        2.2128081449462593E-002   3.1305722442642417E-002   3.8334958634586129E-002   4.4249967363474592E-002   4.9451948155130154E-002   5.4146661003092504E-002   5.8456224165547299E-002   6.2460127783571129E-002   6.6213564417745091E-002   6.9756723292797376E-002   7.3119968060589027E-002   7.6326908483955305E-002   7.9396344686470041E-002   8.2343533377220529E-002   8.5181066345040829E-002   8.7919474401597419E-002   9.0567678799977597E-002   9.3133309899738517E-002   9.5622961861839093E-002   9.8042373853370945E-002  0.10039658389197280       0.10269003859627070       0.10492669059902235       0.10711006922298658       0.10924334368836511       0.11132937200152791       0.11337074161538142       0.11536980700595975       0.11732871196357235       0.11924942610494758       0.12113374840027831       0.12298334620741687        0.0000000000000000        4.9603510442414525E-004   9.8908417257453267E-004   1.4807898992764334E-003   1.9719834160092198E-003   2.4627656515763398E-003   2.9532038971782138E-003   3.4433186797817070E-003   3.9331164445417137E-003   4.4226025006742706E-003   4.9117911410076790E-003   5.4006949313026506E-003   5.8893307101116439E-003   6.3777103197145456E-003   6.8658491994406483E-003   7.3537567912948165E-003   7.8414464716089899E-003   8.3289256855513302E-003   8.8162059747939163E-003   9.3032935388088021E-003   9.7901982274535108E-003   1.0276925486604341E-002   1.0763483543289636E-002   1.1249877539897044E-002   1.1736114110495447E-002   1.2222198497446123E-002   1.2708135749358807E-002   1.3193931559076302E-002   1.3679588918469663E-002   1.4165115134641798E-002   1.4650510371015850E-002   1.5135783201211282E-002   1.5620933107480868E-002   0.0000000000000000        3.8026796579220729E-005   1.0864479726978413E-004   1.6805814063701048E-004   2.2662977624732274E-004   2.8528276930803778E-004   3.4424936083339932E-004   4.0359804158434780E-004   4.6334075398612719E-004   5.2346950826204686E-004   5.8396578263861850E-004   6.4481285131065059E-004   7.0599250518472870E-004   7.6749119319417618E-004   8.2929393525417807E-004   8.9139046771568383E-004   9.5376841346274778E-004   1.0164196967279674E-003   1.0793338823907087E-003   1.1425042640820829E-003   1.2059219782764761E-003   1.2695811725312990E-003   1.3334743704876951E-003   1.3975961990772554E-003   1.4619404712781856E-003   1.5265019663695241E-003   1.5912757230182384E-003   1.6562564134417405E-003   1.7214405777057232E-003   1.7868219853196319E-003   1.8523991304769925E-003   1.9181650965992500E-003   1.9841186524300006E-003   0.0000000000000000        3.0265361642194553E-006   1.1879951816846920E-005   1.8185524221027786E-005   2.4533248004840924E-005   3.1033629440459497E-005   3.7695919439615580E-005   4.4514271407504111E-005   5.1478328473818468E-005   5.8579277011458066E-005   6.5810080674121905E-005   7.3165206625466799E-005   8.0640549589897464E-005   8.8232524648030578E-005   9.5938408683466790E-005   1.0375545362487709E-004   1.1168161216936056E-004   1.1971456097395354E-004   1.2785267332200494E-004   1.3609396773557738E-004   1.4443707092619902E-004   1.5288025128058685E-004   1.6142227739596719E-004   1.7006169789037233E-004   1.7879733914134106E-004   1.8762800695480285E-004   1.9655252615941368E-004   2.0556999464704340E-004   2.1467909375248782E-004   2.2387937339142768E-004   2.3316921161701921E-004   2.4254851650431800E-004   2.5201611195911362E-004   0.0000000000000000        2.0031879794202840E-006   5.3953689023116388E-006   7.6131735739823286E-006   9.6325485570380355E-006   1.1521405612153696E-005   1.3289945452029511E-005   1.4942197224570087E-005   1.6483922184322071E-005   1.7921546403636065E-005   1.9261686850484699E-005   2.0510574189139508E-005   2.1673790469709973E-005   2.2756243596624118E-005   2.3762317347101943E-005   2.4695923244847729E-005   2.5560532369094659E-005   2.6359355530344456E-005   2.7095278100397580E-005   2.7771019903953457E-005   2.8389004833556466E-005   2.8951562510767849E-005   2.9460817909903691E-005   2.9918785425267051E-005   3.0327344172631566E-005   3.0688238380311992E-005   3.1003199320699182E-005   3.1273720827010633E-005   3.1501449421381094E-005   3.1687595245263097E-005   3.1833766529694954E-005   3.1941022633880201E-005   3.2010243242869572E-005   0.0000000000000000        1.1562646462060137E-007   9.3804163895985838E-007   1.5075385697769010E-006   2.0213769688557219E-006   2.4979410437488069E-006   2.9382502839583962E-006   3.3437773134867325E-006   3.7162940736845817E-006   4.0572171903198004E-006   4.3676332545797314E-006   4.6481694200534667E-006   4.8992670307028136E-006   5.1212284531649385E-006   5.3143536237879900E-006   5.4788214165693583E-006   5.6148581323603036E-006   5.7226240571691148E-006   5.8023391518207636E-006   5.8541552944882201E-006   5.8782681177118308E-006   5.8748266643998972E-006   5.8440210243928008E-006   5.7859972483243005E-006   5.7009283399447385E-006   5.5889794859030119E-006   5.4503021039292077E-006   5.2850766819885696E-006   5.0934067607466216E-006   4.8755193622647756E-006   4.6314737219866285E-006   4.3615122273104012E-006   4.0658339837956378E-006   0.0000000000000000        6.4206578971552526E-008   1.4598648253999173E-007   2.8110104901087817E-007   4.0015727147942229E-007   5.1155346458063883E-007   6.1604322074266418E-007   7.1375405849132490E-007   8.0469638880059323E-007   8.8882679943872472E-007   9.6597816480605130E-007   1.0359548476715306E-006   1.0985069318759623E-006   1.1534317764613430E-006   1.2004837037591959E-006   1.2394604941627398E-006   1.2701442862762414E-006   1.2923675085531957E-006   1.3059467359361362E-006   1.3107302540371145E-006   1.3065519873201237E-006   1.2932958093179881E-006   1.2708276676759614E-006   1.2390342044719110E-006   1.1977894634299524E-006   1.1469951701519906E-006   1.0865474011645048E-006   1.0163640899697661E-006   9.3635718346480758E-007   8.4643926595994094E-007   7.4654652027413983E-007   6.3658855560291716E-007   5.1642862750065430E-007   0.0000000000000000       -1.4746874152194462E-008  -1.0276384555386655E-008   8.4232509032992770E-009   2.2742938726406046E-008   3.4386960118905720E-008   4.4256026482516796E-008   5.3028799507856573E-008   6.1166109359187992E-008   6.8911140773199725E-008   7.6376928777260593E-008   8.3562520659936668E-008   9.0447965414737145E-008   9.6978255092737159E-008   1.0310280665893849E-007   1.0874499497290620E-007   1.1384923886751283E-007   1.1834877443134803E-007   1.2217904019650369E-007   1.2525047374257595E-007   1.2750970378797825E-007   1.2888013333050805E-007   1.2929973635834890E-007   1.2868701722477671E-007   1.2697870410516549E-007   1.2410237573396230E-007   1.1999700051530556E-007   1.1458249967911118E-007   1.0779183525097216E-007   9.9556370350382895E-008   8.9817566720911281E-008   7.8503877756044632E-008   6.5595036187335839E-008   0.0000000000000000       -2.7422078061801740E-009  -9.0972783072945548E-009  -6.4368724680865058E-009  -5.8604960977305243E-009  -6.4804502571805154E-009  -7.8902986642886930E-009  -9.7923974031634929E-009  -1.1958502301554535E-008  -1.4234075223500148E-008  -1.6511176220906508E-008  -1.8716370397814763E-008  -2.0788255796752909E-008  -2.2673383767869731E-008  -2.4340673490173074E-008  -2.5757708402314806E-008  -2.6889819483188902E-008  -2.7709710678018102E-008  -2.8202916575554372E-008  -2.8338673632408789E-008  -2.8101450660905927E-008  -2.7464347323151171E-008  -2.6422127135657284E-008  -2.4957641064410561E-008  -2.3068898570479516E-008  -2.0735646467643973E-008  -1.7960070328308567E-008  -1.4731639411121022E-008  -1.1049328169353042E-008  -6.9025441075207014E-009  -2.2912040490660396E-009   2.7875989424946345E-009   8.3316620055438418E-009   0.0000000000000000       -1.6237984219239904E-009  -2.9906850563005311E-009  -3.1252362868489622E-009  -3.3653158089368292E-009  -4.0740191540188861E-009  -5.1447576010653668E-009  -6.4676351700389259E-009  -7.9463945498091691E-009  -9.5184506956449579E-009  -1.1129624665471214E-008  -1.2747310740663861E-008  -1.4328380882884634E-008  -1.5842941303346135E-008  -1.7264674239720655E-008  -1.8558938793702017E-008  -1.9702752660621015E-008  -2.0670275088345746E-008  -2.1439898408648315E-008  -2.1987939048137129E-008  -2.2285752445674864E-008  -2.2314500835221891E-008  -2.2054401121621245E-008  -2.1474224789041114E-008  -2.0551254836500236E-008  -1.9276331263521823E-008  -1.7632107380958431E-008  -1.5602086887167983E-008  -1.3160658251905110E-008  -1.0290623459745699E-008  -6.9737654875375768E-009  -3.1976907347511005E-009   1.0582598284038174E-009   0.0000000000000000       -2.9529191261833662E-010  -8.0024150795591938E-010  -6.7828467996919458E-010  -6.3862079637473668E-010  -7.3252031749496029E-010  -9.3613899408381042E-010  -1.2204667826710003E-009  -1.5673443570965593E-009  -1.9574386120208564E-009  -2.3806228177646533E-009  -2.8282390131292516E-009  -3.2858903398156061E-009  -3.7505271191130517E-009  -4.2104832651813214E-009  -4.6563489235837746E-009  -5.0795949778060400E-009  -5.4668474732687474E-009  -5.8087548336836090E-009  -6.0971686100731970E-009  -6.3153262494244481E-009  -6.4608056575703983E-009  -6.5227682003029181E-009  -6.4838936141755202E-009  -6.3300328346787704E-009  -6.0555296760363638E-009  -5.6523697758329501E-009  -5.1077103731965619E-009  -4.4112045762807163E-009  -3.5491393432797194E-009  -2.5117822112372297E-009  -1.2865908653713024E-009   1.3441661371618289E-010   0.0000000000000000       -1.3087528209980890E-010  -2.3570774301464399E-010  -2.2356612981473864E-010  -1.5620922772048594E-010  -1.1833484926542736E-010  -1.0506279800934587E-010  -1.0841475356943323E-010  -1.2757941253802532E-010  -1.5220605941808504E-010  -1.8763232407886335E-010  -2.2531928476997526E-010  -2.6918204443904711E-010  -3.1423918014588355E-010  -3.6506733088894765E-010  -4.1713651641431766E-010  -4.7094007869121630E-010  -5.2937100425193708E-010  -5.8535698423438638E-010  -6.3633737282639050E-010  -6.8484258634889079E-010  -7.2330868765771424E-010  -7.5235758836157120E-010  -7.7396087893990484E-010  -7.8249799494355237E-010  -7.7177774011053796E-010  -7.4301656197617312E-010  -6.9133653749831374E-010  -6.1555759743616543E-010  -5.1073119672505436E-010  -3.7381358597237864E-010  -1.9898118673079866E-010   1.7073150077355344E-011
   0.0000000000000000        0.0000000000000000        0.0000000000000000        0.0000000000000000        0.0000000000000000        0.0000000000000000        0.0000000000000000        0.0000000000000000        0.0000000000000000        0.0000000000000000        0.0000000000000000        0.0000000000000000        0.0000000000000000        0.0000000000000000        0.0000000000000000        0.0000000000000000        0.0000000000000000        0.0000000000000000        0.0000000000000000        0.0000000000000000        0.0000000000000000        0.0000000000000000        0.0000000000000000        0.0000000000000000        0.0000000000000000        0.0000000000000000        0.0000000000000000        0.0000000000000000        0.0000000000000000        0.0000000000000000        0.0000000000000000        0.0000000000000000        0.0000000000000000        0.0000000000000000       -4.9120114438674760E-004  -5.8881982805615129E-004  -6.0737630676300310E-004  -6.0071118382411162E-004  -5.9190796383229297E-004  -5.8880226457432559E-004  -5.9152394021320161E-004  -5.9748418421465396E-004  -6.0374521952015904E-004  -6.0815233209441874E-004  -6.0962544132485983E-004  -6.0783228323846533E-004  -6.0275410422446353E-004  -5.9448962604096291E-004  -5.8314952618436933E-004  -5.6884146357808255E-004  -5.5166497676069088E-004  -5.3170323223320729E-004  -5.0905304892617873E-004  -4.8377901581487316E-004  -4.5597472880349211E-004  -4.2568526399702148E-004  -3.9300881757203224E-004  -3.5796632986020646E-004  -3.2066437543194217E-004  -2.8111329733786114E-004  -2.3935226420646841E-004  -1.9567582752227461E-004  -1.4902174873776352E-004  -1.0255542622721771E-004  -4.9558693723728123E-005  -1.5989893795595154E-006   0.0000000000000000       -3.2092661316423356E-003  -4.7964590613196736E-003  -5.7306741169231620E-003  -6.2678479264742220E-003  -6.5618721157679350E-003  -6.7082562692575001E-003  -6.7631718530849084E-003  -6.7573610192051634E-003  -6.7068811432967040E-003  -6.6202450917143768E-003  -6.5023953039155665E-003  -6.3566701499302774E-003  -6.1857010565439892E-003  -5.9917287450479287E-003  -5.7767201183256756E-003  -5.5424053705737742E-003  -5.2903035182675084E-003  -5.0217550268709527E-003  -4.7379329662625104E-003  -4.4398865675058588E-003  -4.1285344221957182E-003  -3.8047172177734078E-003  -3.4691624472139083E-003  -3.1225568304064119E-003  -2.7654793549866663E-003  -2.3984979525244277E-003  -2.0221047850018450E-003  -1.6366708002422473E-003  -1.2430130455076841E-003  -8.4034115707252977E-004  -4.3151880277737738E-004  -1.2690518756631659E-005   0.0000000000000000       -2.4382398495768499E-004  -3.4996782506476040E-004  -3.8145846106613481E-004  -3.7827406444298866E-004  -3.5902900710380888E-004  -3.3358619276348521E-004  -3.0658010644868633E-004  -2.7980024431856090E-004  -2.5374799314785656E-004  -2.2850658389631944E-004  -2.0411438868849784E-004  -1.8064657516116180E-004  -1.5820329817232138E-004  -1.3688669562393391E-004  -1.1678237388098525E-004  -9.7964661137914881E-005  -8.0496544360503637E-005  -6.4432549603820295E-005  -4.9816582932823748E-005  -3.6684439091082961E-005  -2.5067308410923813E-005  -1.4989372167449106E-005  -6.4721361662766803E-006   4.6967365600821794E-007   5.8205861461289923E-006   9.5729695677464655E-006   1.1712741001810121E-005   1.2242317028653120E-005   1.1163650762079459E-005   8.3991484649936698E-006   4.1668988868172947E-006  -1.9591440359232072E-006   0.0000000000000000       -1.5124901470495294E-004  -2.4363712843775582E-004  -3.0307282557755244E-004  -3.3922565952051369E-004  -3.5930324240400523E-004  -3.6890414363791556E-004  -3.7186003224166800E-004  -3.7052470653719974E-004  -3.6626027478163774E-004  -3.5983064302955831E-004  -3.5167175008009213E-004  -3.4205937109070566E-004  -3.3119089547103270E-004  -3.1921896040240373E-004  -3.0626909826522817E-004  -2.9244739043522992E-004  -2.7784508197168566E-004  -2.6254036893162382E-004  -2.4660083483644013E-004  -2.3008507550080815E-004  -2.1304331366044254E-004  -1.9552065366458275E-004  -1.7755543847433977E-004  -1.5918337199071243E-004  -1.4043297149105892E-004  -1.2133390387817779E-004  -1.0190946279217371E-004  -8.2174448686371196E-005  -6.2193440124831388E-005  -4.1841950468497975E-005  -2.1462596297182410E-005  -4.8868742551901806E-007   0.0000000000000000       -3.1820886880359141E-005  -5.2862431875383494E-005  -6.2626232548085829E-005  -6.6044044527762818E-005  -6.6379765854944372E-005  -6.5494215084905744E-005  -6.4221267542637140E-005  -6.2826404824880958E-005  -6.1336874245117106E-005  -5.9717866873888743E-005  -5.7942233592517808E-005  -5.6004151039366542E-005  -5.3913812795961209E-005  -5.1686453994485871E-005  -4.9336873810222086E-005  -4.6879629443394131E-005  -4.4328530686821012E-005  -4.1695757532918772E-005  -3.8991523921909248E-005  -3.6224292147864200E-005  -3.3402553419869728E-005  -3.0533453314219706E-005  -2.7622983539870052E-005  -2.4675512651433833E-005  -2.1696159992621680E-005  -1.8688532648436071E-005  -1.5656590369909738E-005  -1.2605149035000482E-005  -9.5227668912653551E-006  -6.4608240598222744E-006  -3.3046060757289750E-006  -2.7070099643198984E-007   0.0000000000000000       -6.2593511222590558E-006  -1.0621412979020044E-005  -1.2402471116591443E-005  -1.3008293138969265E-005  -1.3121006482031556E-005  -1.3074679578605260E-005  -1.2992928089973607E-005  -1.2897800718292942E-005  -1.2779047381924989E-005  -1.2622991252265454E-005  -1.2420793797947633E-005  -1.2169581186457264E-005  -1.1870531479978647E-005  -1.1525844605025945E-005  -1.1138026891887086E-005  -1.0710592426155122E-005  -1.0246560945681874E-005  -9.7481648018493867E-006  -9.2175119574246434E-006  -8.6570073373105978E-006  -8.0687971277927856E-006  -7.4543809836902737E-006  -6.8149344434782876E-006  -6.1519717147115469E-006  -5.4672027122589283E-006  -4.7616309506685420E-006  -4.0362988421234386E-006  -3.2929312372761005E-006  -2.5308404196491565E-006  -1.7534468764050546E-006  -9.6093126685797016E-007  -1.4879912478136421E-007   0.0000000000000000       -8.2767646217137413E-007  -1.2534823370166988E-006  -1.0641008126088969E-006  -6.0797263694785485E-007  -1.2264985599205423E-007   2.9157053504526649E-007   6.1563421612042205E-007   8.6383016763979866E-007   1.0564878419660955E-006   1.2094373787333123E-006   1.3325678677844243E-006   1.4310683186453936E-006   1.5076028468731806E-006   1.5641493810916010E-006   1.6015278831920377E-006   1.6203080832741343E-006   1.6217573774619622E-006   1.6065158993365287E-006   1.5750807085964459E-006   1.5282540527106801E-006   1.4667752676970512E-006   1.3913786644241738E-006   1.3026380137606607E-006   1.2009347544500505E-006   1.0867145805681419E-006   9.6073945363952495E-007   8.2354254558445008E-007   6.7528906103979503E-007   5.1832374157755631E-007   3.4593080186634611E-007   1.7591033183957268E-007  -2.3827271471528186E-008   0.0000000000000000       -1.6445916818371735E-007  -2.3913299793790933E-007  -1.3358766586764967E-007   3.8479307576231272E-008   2.1292990872809830E-007   3.6352949109178685E-007   4.8618314087719371E-007   5.8548926858822539E-007   6.6717854808143719E-007   7.3542016770035530E-007   7.9256638308714314E-007   8.3976331413527307E-007   8.7771395558711251E-007   9.0675096987453268E-007   9.2682421289887254E-007   9.3811782166661993E-007   9.4079155899640004E-007   9.3481723747166732E-007   9.2022246079237364E-007   8.9713504146469075E-007   8.6569701340855649E-007   8.2607193877359707E-007   7.7825190325782374E-007   7.2234273708076382E-007   6.5849149077246140E-007   5.8676380019501675E-007   5.0723272518256536E-007   4.1978899690878587E-007   3.2460586628296584E-007   2.2241176828332723E-007   1.1112872972080119E-007  -4.3480402619685349E-009   0.0000000000000000       -3.5487011535191176E-008  -5.5411881995294966E-008  -3.0123747372845978E-008   2.1989672007338060E-008   7.8097346089504740E-008   1.2793084936987456E-007   1.6936340906099331E-007   2.0368529058593253E-007   2.3273442445628506E-007   2.5782235766377709E-007   2.7954864547279457E-007   2.9819501449232660E-007   3.1382933311112756E-007   3.2644936651343139E-007   3.3594813097600433E-007   3.4219568847571949E-007   3.4537455212348541E-007   3.4537172493487586E-007   3.4201935073702900E-007   3.3547483515014219E-007   3.2572565014866931E-007   3.1258862739782969E-007   2.9613982769920115E-007   2.7637776212697238E-007   2.5333847797826000E-007   2.2697619873874451E-007   1.9725098481099214E-007   1.6417288219724416E-007   1.2761252851882602E-007   8.8047855886366893E-008   4.4653038539444356E-008  -1.4085424806751410E-009   0.0000000000000000       -1.3461767931389768E-008  -2.3804875715149057E-008  -2.1598628515583185E-008  -1.2998441341547021E-008  -3.3788538887846346E-009   4.8375606912897209E-009   1.1223916415061354E-008   1.6212129814426151E-008   2.0366089801737434E-008   2.3986438475288098E-008   2.7256839994719106E-008   3.0205256365659247E-008   3.2885057310729757E-008   3.5309878056643764E-008   3.7343935976577236E-008   3.9073596189429204E-008   4.0493006735304053E-008   4.1389101492182718E-008   4.1915150460047036E-008   4.2070615834061319E-008   4.1633860937127682E-008   4.0698358079276090E-008   3.9320293381754383E-008   3.7378094769304018E-008   3.4810907942576351E-008   3.1685440324266649E-008   2.7931617693403166E-008   2.3520543719708668E-008   1.8335116227157351E-008   1.2698039641611053E-008   5.7194087418112927E-009  -9.2577877289707879E-010   0.0000000000000000       -4.0001206698340092E-009  -7.9690351432430053E-009  -8.7823640759450145E-009  -7.4175480294480373E-009  -5.7992917684934762E-009  -4.7218079856816203E-009  -4.3345684503300610E-009  -4.4217207423216779E-009  -4.7817341042962908E-009  -5.2672914980322709E-009  -5.8162320630912053E-009  -6.3867077228242059E-009  -6.9339950442334033E-009  -7.4779457950052222E-009  -7.9295040364991423E-009  -8.3454801087157809E-009  -8.6850733026089540E-009  -8.9138935420755878E-009  -9.1314920795179382E-009  -9.1670028191309169E-009  -8.9910601410729388E-009  -8.8603847219921962E-009  -8.7009724139196257E-009  -8.2945353900514805E-009  -7.7260595864388155E-009  -7.0653335881803132E-009  -6.2937191089692904E-009  -5.3798213570380664E-009  -4.3607176750774943E-009  -3.1866623560397103E-009  -1.9767976156434777E-009  -4.9807172923113621E-010   0.0000000000000000       -1.6744903784697917E-009  -3.4979173040790743E-009  -3.6473049710362940E-009  -3.1535389884486043E-009  -2.4491831666388135E-009  -1.8702858436499723E-009  -1.5036806585634805E-009  -1.3092795730015189E-009  -1.2275900641236483E-009  -1.2124310422171679E-009  -1.2309228164821868E-009  -1.2688815408866447E-009  -1.3244266441990646E-009  -1.3891487359066610E-009  -1.4596525895490852E-009  -1.5447677612858276E-009  -1.6270556717748123E-009  -1.6999336002033461E-009  -1.7654462428524117E-009  -1.8180728861288408E-009  -1.8639031690719675E-009  -1.9020100211054076E-009  -1.9080238546615137E-009  -1.8813886086248566E-009  -1.8350240868649536E-009  -1.7671513406521277E-009  -1.6619208852761612E-009  -1.5181764451163343E-009  -1.3325264717518698E-009  -1.0866715857999063E-009  -7.8236793305537547E-010  -4.2479658299272383E-010
   0.0000000000000000        3.0679615757712815E-003   6.1359231515425647E-003   9.2038847273138488E-003   1.2271846303085133E-002   1.5339807878856417E-002   1.8407769454627701E-002   2.1475731030398987E-002   2.4543692606170269E-002   2.7611654181941551E-002   3.0679615757712834E-002   3.3747577333484116E-002   3.6815538909255402E-002   3.9883500485026681E-002   4.2951462060797967E-002   4.6019423636569246E-002   4.9087385212340531E-002   5.2155346788111810E-002   5.5223308363883096E-002   5.8291269939654375E-002   6.1359231515425661E-002   6.4427193091196946E-002   6.7495154666968218E-002   7.0563116242739504E-002   7.3631077818510790E-002   7.6699039394282076E-002   7.9767000970053348E-002   8.2834962545824634E-002   8.5902924121595919E-002   8.8970885697367205E-002   9.2038847273138477E-002   9.5106808848909763E-002   9.8174770424681035E-002
   1.0000005318443865       0.99902271658261710       0.99804464276316418       0.99706578828694825       0.99608591384405942       0.99510505025229379       0.99412320894090755       0.99314039549029176       0.99215660842351605       0.99117184513478906       0.99018610295026599       0.98919937803523794       0.98821166725835019       0.98722296742288518       0.98623327608336142       0.98524258966394851       0.98425090582274422       0.98325822177440136       0.98226453387055901       0.98126983927620526       0.98027413486656723       0.97927741784566269       0.97827968471963644       0.97728093294766971       0.97628115902458124       0.97528035995907181       0.97427853267503650       0.97327567408308657       0.97227178032515083       0.97126684939543595       0.97026087638021630       0.96925385948746001       0.96824632284508971     
   24867.959858108647        24090.836112542747        23313.712366976852        22536.588621410956        21759.464875845060        20982.341130279172        20205.217384713276        19428.093639147381        18650.969893581489        17873.846148015597        17096.722402449701        16319.598656883805        15542.474911317906        14765.351165752008        13988.227420186113        13211.103674620219        12433.979929054323        11656.856183488428        10879.732437922532        10102.608692356634        9325.4849467907407        8548.3612012248450        7771.2374556589493        6994.1137100930537        6216.9899645271589        5439.8662189612633        4662.7424733953685        3885.6187278294719        3108.4949822635749        2331.3712366976824        1554.2474911317904        777.12374556589521        0.0000000000000000     
 -0.50000000000000033      -0.50000000000000000      -0.49999999999999978      -0.49999999999999978      -0.49999999999999978      -0.49999999999999967      -0.49999999999999967      -0.49999999999999967      -0.49999999999999967      -0.49999999999999967      -0.49999999999999967      -0.49999999999999967      -0.49999999999999967      -0.49999999999999967      -0.49999999999999967      -0.49999999999999967      -0.49999999999999967      -0.49999999999999967      -0.49999999999999967      -0.49999999999999967      -0.49999999999999967      -0.49999999999999967      -0.49999999999999967      -0.49999999999999967      -0.49999999999999967      -0.49999999999999967      -0.49999999999999967      -0.49999999999999967      -0.49999999999999978      -0.49999999999999978      -0.49999999999999978      -0.50000000000000000      -0.50000000000000011     
