          33
          13
 F
  0.99999850154894021       0.99987771131739600       0.99975698344094255       0.99963607274196631       0.99951493515028111       0.99939356010792713       0.99927195085421605       0.99915011578161983       0.99902806265795674       0.99890579680458669       0.99878332138341008       0.99866063752926859       0.99853774559489494       0.99841464506664390       0.99829133543101511       0.99816781573283553       0.99804408522222332       0.99792014280284991       0.99779598764248645       0.99767161858709230       0.99754703478406226       0.99742223505556127       0.99729721855549180       0.99717198411441832       0.99704653090513828       0.99692085776344452       0.99679496386833288       0.99666884809715794       0.99654250955687618       0.99641594723864302       0.99628916017790270       0.99616214743166231       0.99603490801963979        0.0000000000000000        2.2099415509729745E-002   3.1256134837760477E-002   3.8286219118756390E-002   4.4216248161217039E-002   4.9443718745145242E-002   5.4172441687265489E-002   5.8523471575158713E-002   6.2575673737650425E-002   6.6383822817760202E-002   6.9987794293125419E-002   7.3417686433403101E-002   7.6696878443320779E-002   7.9843959183011778E-002   8.2873997461101370E-002   8.5799409800151508E-002   8.8630571030503702E-002   9.1376255366958314E-002   9.4043962013035942E-002   9.6640160258007549E-002   9.9170477213891522E-002  0.10163984360643065       0.10405260880270668       0.10641263231054321       0.10872335779998017       0.11098787306925391       0.11320895964021960       0.11538913347121432       0.11753067932215162       0.11963567922345573       0.12170603695470421       0.12374349872146082       0.12574967040054011        0.0000000000000000       -1.2329282835263613E-004  -2.4669418603486958E-004  -3.7018809951192141E-004  -4.9378441765607513E-004  -6.1747200775184288E-004  -7.4124147414611236E-004  -8.6508837368428953E-004  -9.8901085705812349E-004  -1.1130078799417176E-003  -1.2370791820536821E-003  -1.3612242234134449E-003  -1.4854429196900563E-003  -1.6097347914962726E-003  -1.7340997957161993E-003  -1.8585374515961786E-003  -1.9830477549880802E-003  -2.1076302725516658E-003  -2.2322850676753528E-003  -2.3570117542005245E-003  -2.4818104515956546E-003  -2.6066808106454792E-003  -2.7316230113158583E-003  -2.8566367291452291E-003  -2.9817221920999072E-003  -3.1068790902844482E-003  -3.2321076859492684E-003  -3.3574077163475882E-003  -3.4827794047169115E-003  -3.6082226008902350E-003  -3.7337374339218559E-003  -3.8593239288342474E-003  -3.9849820738723585E-003   0.0000000000000000        3.9778918037805143E-006   1.0872412144304532E-005   1.7270889493581126E-005   2.3724476655331143E-005   3.0300530324102328E-005   3.7023374507521933E-005   4.3899718395301757E-005   5.0927441178187579E-005   5.8100111481877145E-005   6.5410811672621935E-005   7.2852677730324918E-005   8.0419654616465896E-005   8.8106411816348858E-005   9.5908355567659101E-005   1.0382140925110877E-004   1.1184194715962565E-004   1.1996673191890595E-004   1.2819282943454569E-004   1.3651761072166124E-004   1.4493861111096367E-004   1.5345363509859322E-004   1.6206055766376622E-004   1.7075753833358906E-004   1.7954273339930237E-004   1.8841455738735654E-004   1.9737137981815528E-004   2.0641181764220336E-004   2.1553441028267180E-004   2.2473798552693071E-004   2.3402120675514575E-004   2.4338305098480027E-004   2.5282228048224863E-004   0.0000000000000000       -1.1557838982580368E-007  -4.5654590258570651E-007  -7.7236679456658875E-007  -1.0974508798202117E-006  -1.4415610616331478E-006  -1.8103737473589552E-006  -2.2058376516025776E-006  -2.6279183578047095E-006  -3.0762742612086168E-006  -3.5501983353450604E-006  -4.0493371716589745E-006  -4.5732213731966531E-006  -5.1217037768756463E-006  -5.6944512319034895E-006  -6.2914028892611235E-006  -6.9123100694021982E-006  -7.5571626308905632E-006  -8.2257648636111506E-006  -8.9181391678957421E-006  -9.6341163893198242E-006  -1.0373739697868458E-005  -1.1136874246803357E-005  -1.1923563267158639E-005  -1.2733691121512948E-005  -1.3567313886610621E-005  -1.4424325429479725E-005  -1.5304801543734622E-005  -1.6208642118231441E-005  -1.7135928020880771E-005  -1.8086569067578690E-005  -1.9060660969638689E-005  -2.0058137947756323E-005   0.0000000000000000       -4.7786752746880008E-007  -1.2792267065800789E-006  -1.7721758031334242E-006  -2.1975805284409273E-006  -2.5698697118097085E-006  -2.8907323272914193E-006  -3.1615868224520748E-006  -3.3846667223719196E-006  -3.5624160763621213E-006  -3.6972166713017093E-006  -3.7911714191535895E-006  -3.8460612932019949E-006  -3.8634361800520490E-006  -3.8446226222927876E-006  -3.7907896677521264E-006  -3.7029458919523470E-006  -3.5820229777756895E-006  -3.4288197789746466E-006  -3.2440988639137412E-006  -3.0285053320237658E-006  -2.7826786534695413E-006  -2.5071629528284437E-006  -2.2024987585701057E-006  -1.8691401152895605E-006  -1.5075626869895559E-006  -1.1181478442623797E-006  -7.0131338446974046E-007  -2.5739836423216565E-007   2.1324202291197112E-007   7.1029754634872505E-007   1.2334924428530802E-006   1.7826751133940617E-006   0.0000000000000000        2.6349349737592382E-008   1.5072896174835082E-007   2.2117712553927242E-007   2.8845658364775809E-007   3.5144188243154277E-007   4.0903092275692538E-007   4.6065741900237588E-007   5.0617821812518161E-007   5.4564880742888108E-007   5.7917079119146653E-007   6.0680242848464576E-007   6.2860438172718892E-007   6.4458614863507532E-007   6.5476910961842355E-007   6.5914084480306178E-007   6.5770509559093478E-007   6.5044464985052296E-007   6.3734642254325016E-007   6.1838852524602227E-007   5.9355863624138481E-007   5.6283126891540890E-007   5.2619141952730304E-007   4.8362057892070567E-007   4.3509475367723963E-007   3.8059849482552482E-007   3.2011029353109567E-007   2.5361225699047320E-007   1.8108469592518904E-007   1.0250101696059887E-007   1.7853598211205521E-008  -7.2904877501063657E-008  -1.6977257207046417E-007   0.0000000000000000       -8.9355791826785679E-009  -2.0633600200178105E-008  -2.8288550577183495E-008  -3.7056156676516395E-008  -4.5980798660331078E-008  -5.4695880185695864E-008  -6.2997514456913835E-008  -7.0765330852622575E-008  -7.7926590968857132E-008  -8.4429509930818271E-008  -9.0220219217911121E-008  -9.5262927864209171E-008  -9.9507705436416119E-008  -1.0292617697320520E-007  -1.0546823492305099E-007  -1.0711175996752439E-007  -1.0780778056871387E-007  -1.0753539965814441E-007  -1.0624474799193443E-007  -1.0391823360603371E-007  -1.0050726317940809E-007  -9.5995345914596598E-008  -9.0330568099362455E-008  -8.3500563862616253E-008  -7.5462349675169883E-008  -6.6194841058709439E-008  -5.5661764101038626E-008  -4.3840784946980981E-008  -3.0697117517865741E-008  -1.6210997946973241E-008  -3.3824505644627116E-010   1.6939392829031700E-008   0.0000000000000000        4.5296931923280964E-009   1.1484655954010296E-008   1.5178810059633702E-008   1.9994258200605959E-008   2.5283580353513537E-008   3.0753888717918752E-008   3.6192809497087274E-008   4.1461826348942179E-008   4.6455079750537389E-008   5.1110216693202495E-008   5.5367437395029610E-008   5.9188688684867895E-008   6.2526971385765819E-008   6.5355426298199142E-008   6.7636646633208703E-008   6.9343532017351614E-008   7.0443142942084261E-008   7.0917203257173557E-008   7.0732875069174877E-008   6.9863618242643679E-008   6.8285640848880020E-008   6.5980545680619710E-008   6.2925006914737731E-008   5.9094604632307316E-008   5.4473218922427976E-008   4.9034578091071129E-008   4.2766544056651584E-008   3.5643808229325101E-008   2.7652445643662455E-008   1.8771341077829840E-008   8.9777972965345030E-009  -1.7478652949505771E-009   0.0000000000000000       -6.9043477209201816E-010  -1.8673452233333935E-009  -2.4017287290409607E-009  -3.2393243618519365E-009  -4.2045073475930173E-009  -5.2502392741343055E-009  -6.3463791422424615E-009  -7.4599935415948928E-009  -8.5693197822419839E-009  -9.6543577606997705E-009  -1.0694748879835636E-008  -1.1676914313488810E-008  -1.2583029120593782E-008  -1.3404674033355615E-008  -1.4121684659871653E-008  -1.4727808672620500E-008  -1.5205891518468151E-008  -1.5554845988354382E-008  -1.5745784976165778E-008  -1.5784361920817422E-008  -1.5644229287680802E-008  -1.5329560891500732E-008  -1.4812457323631105E-008  -1.4098842643868593E-008  -1.3166873261914211E-008  -1.2011969218259230E-008  -1.0623472946913043E-008  -8.9895179636192384E-009  -7.1029240864445088E-009  -4.9515801489586057E-009  -2.5249151099002783E-009   1.8498149877722174E-010   0.0000000000000000        9.2600153038652896E-011   2.1390559067897734E-010   2.8633108569065069E-010   4.2761810206053853E-010   5.8794330247997273E-010   7.6297133807775414E-010   9.5329317199420753E-010   1.1519668383597874E-009   1.3590558353718111E-009   1.5676910609452209E-009   1.7768242859468675E-009   1.9813042797961643E-009   2.1787182334513659E-009   2.3634051331989211E-009   2.5346838092600683E-009   2.6882687913849721E-009   2.8202885447763519E-009   2.9305738528280918E-009   3.0122231448803376E-009   3.0602772219400530E-009   3.0746393438124477E-009   3.0544684542934326E-009   2.9892956323434004E-009   2.8824624194720867E-009   2.7245827470582051E-009   2.5168781475067981E-009   2.2529532218783725E-009   1.9304052021466246E-009   1.5458293546203162E-009   1.0950935483102173E-009   5.7400420492446983E-010  -1.9969105216866766E-011   0.0000000000000000       -2.8092506278255502E-011  -7.5040211900903375E-011  -1.1315221841643536E-010  -1.8083446202862933E-010  -2.5681416349120355E-010  -3.4110013218109407E-010  -4.3364046671033981E-010  -5.3238443316021930E-010  -6.3621573452768486E-010  -7.4227347459317131E-010  -8.4934278011256208E-010  -9.5532812075064443E-010  -1.0575924020197710E-009  -1.1569471034862136E-009  -1.2474580802952026E-009  -1.3310919822352216E-009  -1.4030258359594272E-009  -1.4647598304202122E-009  -1.5095375010769676E-009  -1.5434501722012128E-009  -1.5545488443204528E-009  -1.5508272737713887E-009  -1.5213076030823331E-009  -1.4731037879907385E-009  -1.3963299547923309E-009  -1.2938497036678143E-009  -1.1622159440096261E-009  -9.9912340687077228E-010  -8.0406131028745008E-010  -5.7313879970458597E-010  -3.0523486829569715E-010   2.1903325924077748E-012   0.0000000000000000        1.8332549945873163E-012   8.8671693905363802E-012   1.5349026247001389E-011   3.0031715666588544E-011   4.6613505533398172E-011   6.5350353561316365E-011   8.7476223792049879E-011   1.1146603286832064E-010   1.3866405004483886E-010   1.6627254195608926E-010   1.9698727517542122E-010   2.2643207019652297E-010   2.5828651832401385E-010   2.8752065751480264E-010   3.1707117117614533E-010   3.4503502564150896E-010   3.7003502311403938E-010   3.9269292101553811E-010   4.1311728915722211E-010   4.2656583499684840E-010   4.3623490426556477E-010   4.4146029498177898E-010   4.3789741607127838E-010   4.2970635701486582E-010   4.1052543940557357E-010   3.8554751272909332E-010   3.4853841072300504E-010   3.0315112125676860E-010   2.4550193617101671E-010   1.7677998119617823E-010   9.4826946168443110E-011  -2.4341827498833758E-013
   0.0000000000000000        0.0000000000000000        0.0000000000000000        0.0000000000000000        0.0000000000000000        0.0000000000000000        0.0000000000000000        0.0000000000000000        0.0000000000000000        0.0000000000000000        0.0000000000000000        0.0000000000000000        0.0000000000000000        0.0000000000000000        0.0000000000000000        0.0000000000000000        0.0000000000000000        0.0000000000000000        0.0000000000000000        0.0000000000000000        0.0000000000000000        0.0000000000000000        0.0000000000000000        0.0000000000000000        0.0000000000000000        0.0000000000000000        0.0000000000000000        0.0000000000000000        0.0000000000000000        0.0000000000000000        0.0000000000000000        0.0000000000000000        0.0000000000000000        0.0000000000000000        2.2098766440884769E-002   3.1255249600836553E-002   3.8281293600909747E-002   4.4204412160390706E-002   4.9422666992192443E-002   5.4140220963525047E-002   5.8478353253653657E-002   6.2516078769066077E-002   6.6308277477644631E-002   6.9894905974379334E-002   7.3306127693408094E-002   7.6565376872710478E-002   7.9691289885338398E-002   8.2698977547833313E-002   8.5600893705987516E-002   8.8407446733506215E-002   9.1127441069931897E-002   9.3768403330511660E-002   9.6336827821074555E-002   9.8838364474660864E-002  0.10127796508000349       0.10365999830551360       0.10598834167175820       0.10826645539880023       0.11049744287257759       0.11268409994405557       0.11482895617518633       0.11693430885292118       0.11900225201666992       0.12103470059402251       0.12303341114817047       0.12500000000000000        0.0000000000000000       -1.2995638678369739E-006  -2.6010725960355966E-006  -3.7819666481392951E-006  -4.8717931945978013E-006  -5.8799276974937290E-006  -6.8081214735088901E-006  -7.6559627011019558E-006  -8.4219611448218241E-006  -9.1047127253698262E-006  -9.7028902999305033E-006  -1.0215297852238189E-005  -1.0640995763136299E-005  -1.0979098117016213E-005  -1.1228912280477787E-005  -1.1389741209222834E-005  -1.1461023410372024E-005  -1.1442142543648288E-005  -1.1332601616008050E-005  -1.1131814520280097E-005  -1.0839324219870597E-005  -1.0454560707749421E-005  -9.9771045842844560E-006  -9.4064009039274018E-006  -8.7420657253323188E-006  -7.9835432545023789E-006  -7.1304549974046716E-006  -6.1822856256072141E-006  -5.1386180375256351E-006  -3.9989785443122928E-006  -2.7629850496527028E-006  -1.4300883422457674E-006   0.0000000000000000        0.0000000000000000        2.0200532149114784E-006   4.6572904431579907E-006   6.3802424992401995E-006   7.9141722707985691E-006   9.2918479036009872E-006   1.0510183899822656E-005   1.1569565985597706E-005   1.2474994101653879E-005   1.3233284438977172E-005   1.3851966645038577E-005   1.4337636521746303E-005   1.4696164965571291E-005   1.4932534209183852E-005   1.5051162544881830E-005   1.5055832281435879E-005   1.4949932764361317E-005   1.4736423188459621E-005   1.4418005547954479E-005   1.3997095767645462E-005   1.3475907498818753E-005   1.2856457533342353E-005   1.2140578796159954E-005   1.1329994476082227E-005   1.0426272183449981E-005   9.4308965366660524E-006   8.3451984010341869E-006   7.1704635808493350E-006   5.9078212173515091E-006   4.5584307301365668E-006   3.1233141097711228E-006   1.6034015774824364E-006   0.0000000000000000        0.0000000000000000        1.2552237775952927E-008   1.9453532210843669E-008   3.6159771843728040E-008   3.6303121150832665E-008   3.0271047158197636E-008   2.3499584280442363E-008   1.8071000526672219E-008   1.4447047662043754E-008   1.2182552655441035E-008   1.0947536901432747E-008   1.0289397960585818E-008   1.0054015321644594E-008   1.0004541191955960E-008   1.0123426054422692E-008   1.0242779328228940E-008   1.0408437997811800E-008   1.0490868651021482E-008   1.0568052312444849E-008   1.0524157525889633E-008   1.0435742809586824E-008   1.0205991326550282E-008   9.9206444851987337E-009   9.4784410004851238E-009   8.9639148683669187E-009   8.2790891185772386E-009   7.5185095016161010E-009   6.5768103384105063E-009   5.5528841673248368E-009   4.3555263424657303E-009   3.0452893471365631E-009   1.6060671284319620E-009   0.0000000000000000        0.0000000000000000       -4.8472538557014049E-007  -1.3152282345054284E-006  -1.8369344698090460E-006  -2.2893509690874430E-006  -2.6885250957817562E-006  -3.0373959124566858E-006  -3.3380644562020962E-006  -3.5930851059725281E-006  -3.8050352837693293E-006  -3.9763685246314685E-006  -4.1092409142504892E-006  -4.2054925991461604E-006  -4.2667245796926515E-006  -4.2943111697115152E-006  -4.2894797069732773E-006  -4.2532874016797617E-006  -4.1867217375081601E-006  -4.0906437012972547E-006  -3.9658629745553209E-006  -3.8130851552408907E-006  -3.6330068792079028E-006  -3.4262257269714873E-006  -3.1933420033011007E-006  -2.9348639208079030E-006  -2.6513168602205361E-006  -2.3431432072748666E-006  -2.0108067771021566E-006  -1.6547018136780521E-006  -1.2752355211276592E-006  -8.7275780930952382E-007  -4.4763544798412301E-007   0.0000000000000000        0.0000000000000000        9.4685072097710052E-009   1.3123699644717557E-007   2.0292956124446303E-007   2.6993302508451599E-007   3.3107986825181233E-007   3.8590580577418607E-007   4.3445453564447340E-007   4.7701500984997349E-007   5.1391025258265669E-007   5.4539793246975623E-007   5.7165456997965842E-007   5.9280627667617366E-007   6.0892837087363074E-007   6.2008519499997234E-007   6.2631809414012544E-007   6.2766357237746820E-007   6.2415692978678966E-007   6.1581402123245393E-007   6.0265557379642480E-007   5.8470794957036872E-007   5.6198436603113981E-007   5.3449776395329732E-007   5.0226262050481425E-007   4.6528984997280330E-007   4.2358840779469249E-007   3.7717003269122409E-007   3.2604141234736944E-007   2.7021489906272874E-007   2.0969148432339382E-007   1.4448275195933414E-007   7.4589581217502851E-008   0.0000000000000000        0.0000000000000000       -6.7266589998655336E-009  -1.7437844031935382E-008  -2.5085310262895355E-008  -3.3656177005860383E-008  -4.2154286794308118E-008  -5.0260086134129251E-008  -5.7833645485071201E-008  -6.4819019084569181E-008  -7.1186778133510355E-008  -7.6919698064370460E-008  -8.1997302615920828E-008  -8.6400402979346490E-008  -9.0102941586351603E-008  -9.3088906636158335E-008  -9.5327656568709661E-008  -9.6807036723818280E-008  -9.7498118575890642E-008  -9.7377278649794286E-008  -9.6429937867918325E-008  -9.4636213183960117E-008  -9.1970799290433975E-008  -8.8420336701534797E-008  -8.3960716648509146E-008  -7.8577424623874314E-008  -7.2246037913533821E-008  -6.4956654052633773E-008  -5.6681888354898197E-008  -4.7414061348990002E-008  -3.7126420154131031E-008  -2.5810947296683902E-008  -1.3442903285933303E-008   0.0000000000000000        0.0000000000000000        4.2271416841840189E-009   1.1158333684727005E-008   1.4844338900342480E-008   1.9603733367332413E-008   2.4803875543433530E-008   3.0162368065948470E-008   3.5470162243506969E-008   4.0596579760262599E-008   4.5438010446414980E-008   4.9937714420164852E-008   5.4041849086180656E-008   5.7711635739332172E-008   6.0910222187777085E-008   6.3611143463826827E-008   6.5779835209457438E-008   6.7394111447528382E-008   6.8422420944472471E-008   6.8844723269304140E-008   6.8640389352550498E-008   6.7783807429022381E-008   6.6253714120579349E-008   6.4031846932733674E-008   6.1102710663764208E-008   5.7443470658408283E-008   5.3040419216540984E-008   4.7874775139542677E-008   4.1931577585703056E-008   3.5195218593700793E-008   2.7649618274305926E-008   1.9281160368418761E-008   1.0071752633214077E-008   0.0000000000000000        0.0000000000000000       -6.4256652226895951E-010  -1.7817227791684911E-009  -2.2864074555923561E-009  -3.0769450488392157E-009  -3.9897544460262293E-009  -4.9784806939026666E-009  -6.0099947715282528E-009  -7.0544175262854835E-009  -8.0883468348734490E-009  -9.0958338577819713E-009  -1.0057550773177665E-008  -1.0961817465644577E-008  -1.1794239197308329E-008  -1.2542622518439225E-008  -1.3196313542938473E-008  -1.3743293184235493E-008  -1.4173011984243039E-008  -1.4479157058184505E-008  -1.4645363871599971E-008  -1.4662050608492000E-008  -1.4524061661384228E-008  -1.4217963642255476E-008  -1.3735844396350732E-008  -1.3066587394352381E-008  -1.2204997108040604E-008  -1.1138709851365094E-008  -9.8613570535767209E-009  -8.3637946273696664E-009  -6.6371923730874160E-009  -4.6743585110263444E-009  -2.4645916866506551E-009   0.0000000000000000        0.0000000000000000        9.2216204215028261E-011   2.1149998410644815E-010   2.7800442776581697E-010   4.0921048448269434E-010   5.5822967655159907E-010   7.2175080753328610E-010   8.9764154239649449E-010   1.0820897595755992E-009   1.2711237683371555E-009   1.4636469441379930E-009   1.6521897807094109E-009   1.8395723191232013E-009   2.0151873762871972E-009   2.1826974395851074E-009   2.3357271456454984E-009   2.4717143730838370E-009   2.5892882304747885E-009   2.6865527649633160E-009   2.7541211784042308E-009   2.7956896769955974E-009   2.8053579741791321E-009   2.7810757805513137E-009   2.7208840329438508E-009   2.6183185130614160E-009   2.4758901630951474E-009   2.2835070380938580E-009   2.0457016563234568E-009   1.7524079766112156E-009   1.4061888975622106E-009   9.9994977774973445E-010   5.3258673294041287E-010   0.0000000000000000        0.0000000000000000       -2.6759298520122935E-011  -7.0256323216153243E-011  -1.0465673846407832E-010  -1.6697792300580942E-010  -2.3681996802551066E-010  -3.1359787669104418E-010  -3.9708588680950209E-010  -4.8517342913255727E-010  -5.7694341000481705E-010  -6.6974743109819571E-010  -7.6232136004623399E-010  -8.5313089480619012E-010  -9.3925731598061254E-010  -1.0221840994563586E-009  -1.0963318111446648E-009  -1.1639634197983045E-009  -1.2207779730095435E-009  -1.2689860326320582E-009  -1.3014034288709018E-009  -1.3247977095880028E-009  -1.3278771712518806E-009  -1.3191654589080188E-009  -1.2880378676307571E-009  -1.2421796429779534E-009  -1.1726520740164241E-009  -1.0823295721095693E-009  -9.6894156283559694E-010  -8.2979588647132874E-010  -6.6598332538941589E-010  -4.7332431341476012E-010  -2.5233462893509284E-010   0.0000000000000000        0.0000000000000000        1.6198557722875959E-012   7.4939168468500306E-012   1.2958513277716141E-011   2.5572176248567908E-011   3.9360243980294922E-011   5.4504877073269710E-011   7.2284217698958382E-011   9.1112805646193359E-011   1.1248789618210104E-010   1.3362596317539314E-010   1.5733672947237412E-010   1.7944573706802395E-010   2.0358424863776368E-010   2.2524977208600899E-010   2.4701603399933863E-010   2.6765904504460175E-010   2.8557695262864492E-010   3.0209176040885239E-010   3.1669105344832292E-010   3.2607892573049586E-010   3.3219535774239561E-010   3.3608461449346440E-010   3.3220588066370303E-010   3.2626450205467963E-010   3.1098531168417982E-010   2.9234962006801807E-010   2.6420036684310544E-010   2.3004858554415330E-010   1.8660493205461694E-010   1.3462779291145299E-010   7.2470203050110036E-011   0.0000000000000000     
   0.0000000000000000        0.0000000000000000        0.0000000000000000        0.0000000000000000        0.0000000000000000        0.0000000000000000        0.0000000000000000        0.0000000000000000        0.0000000000000000        0.0000000000000000        0.0000000000000000        0.0000000000000000        0.0000000000000000        0.0000000000000000        0.0000000000000000        0.0000000000000000        0.0000000000000000        0.0000000000000000        0.0000000000000000        0.0000000000000000        0.0000000000000000        0.0000000000000000        0.0000000000000000        0.0000000000000000        0.0000000000000000        0.0000000000000000        0.0000000000000000        0.0000000000000000        0.0000000000000000        0.0000000000000000        0.0000000000000000        0.0000000000000000        0.0000000000000000        0.0000000000000000        4.4313484950787137E-002   6.2690990078297787E-002   7.6820913290421899E-002   8.8754636702841269E-002   9.9284220480503407E-002  0.10881558393435027       0.11759036465110743       0.12576653188585271       0.13345411420353451       0.14073333750844069       0.14766475150015410       0.15429533996976533       0.16066241346502713       0.16679618639677152       0.17272154055817041       0.17845926224473718       0.18402692555313799       0.18943955023977338       0.19471008790673389       0.19984980347815701       0.20486856294764597       0.20977507159763817       0.21457705003362915       0.21928138887385223       0.22389425446069511       0.22842122700221956       0.23286730960867560       0.23723713454920634       0.24153472339753512       0.24576414484110198       0.24992847569733448       0.25403150605126151        0.0000000000000000       -7.0716134915598536E-004  -1.3172341722605188E-003  -1.8865739875696668E-003  -2.4290738196300374E-003  -2.9536385293447696E-003  -3.4664178660663361E-003  -3.9714999747651495E-003  -4.4714676187233892E-003  -4.9678676567195901E-003  -5.4616244804943067E-003  -5.9533286802024498E-003  -6.4433811672161738E-003  -6.9320723967981508E-003  -7.4196252919780355E-003  -7.9062236698325527E-003  -8.3920246863510035E-003  -8.8771665465236082E-003  -9.3617701679080748E-003  -9.8459404687663427E-003  -1.0329767146527462E-002  -1.0813331515685354E-002  -1.1296705204022603E-002  -1.1779955394649473E-002  -1.2263140015656494E-002  -1.2746307798501963E-002  -1.3229511339604077E-002  -1.3712789319970031E-002  -1.4196178870008418E-002  -1.4679738212757816E-002  -1.5163438082049950E-002  -1.5647468564234126E-002  -1.6131565782698813E-002   0.0000000000000000        1.6487526210210534E-005   3.8156672176358247E-005   6.2017316504192713E-005   8.7370519415965045E-005   1.1431539895227220E-004   1.4295191898699782E-004   1.7331667872661234E-004   2.0538380073379392E-004   2.3909485424787789E-004   2.7438212726745557E-004   3.1117903053317665E-004   3.4942376397998937E-004   3.8906136347930737E-004   4.3004276560278809E-004   4.7232569850322353E-004   5.1587427384205682E-004   5.6065696261394871E-004   6.0664538523127554E-004   6.5381376577547314E-004   7.0213880730459464E-004   7.5159868305582698E-004   8.0217358677320640E-004   8.5384542426576618E-004   9.0659667875376214E-004   9.6041230616416933E-004   1.0152772443834531E-003   1.0711792829611777E-003   1.1281001781573749E-003   1.1860438544415131E-003   1.2449543899964275E-003   1.3049289310396025E-003   1.3657604603503717E-003   0.0000000000000000        4.2527575560540940E-005   7.0159806403707756E-005   8.8663100769721562E-005   9.9871574214175388E-005   1.0578569659231014E-004   1.0809254811474254E-004   1.0799026798716668E-004   1.0623596130447985E-004   1.0326922164632163E-004   9.9330230484757459E-005   9.4553709980357560E-005   8.9025573836034688E-005   8.2808029060807672E-005   7.5949199624328339E-005   6.8488661289693454E-005   6.0460125149378396E-005   5.1893029182860378E-005   4.2812278453047305E-005   3.3239723488087336E-005   2.3194631866022238E-005   1.2694225833514874E-005   1.7538335728210268E-006  -9.6134828111638424E-006  -2.1396220387992120E-005  -3.3583308015469054E-005  -4.6166186438725587E-005  -5.9135820908663504E-005  -7.2483984707237073E-005  -8.6209890099191199E-005  -1.0028415709683312E-004  -1.1476316840374022E-004  -1.2952394803584770E-004   0.0000000000000000       -5.5564574958360814E-006  -1.0564373531940306E-005  -1.4396811343727982E-005  -1.7008651826855126E-005  -1.8746595784033253E-005  -1.9910414312537729E-005  -2.0696941217489798E-005  -2.1216880913086862E-005  -2.1524089716632973E-005  -2.1641541929675734E-005  -2.1579906963702726E-005  -2.1345748505535398E-005  -2.0945716195341368E-005  -2.0385674049877992E-005  -1.9670994203577981E-005  -1.8806061051866408E-005  -1.7795049080913041E-005  -1.6641611685500098E-005  -1.5348628664096017E-005  -1.3919315425396643E-005  -1.2356740176514745E-005  -1.0662930321628062E-005  -8.8400379605429631E-006  -6.8901439040664433E-006  -4.8149700462142625E-006  -2.6157564765950759E-006  -2.9329706827464759E-007   2.1493091839588107E-006   4.7162738149093798E-006   7.3927045448339377E-006   1.0212458694049599E-005   1.3108981124449769E-005   0.0000000000000000        6.6799022276206506E-007   1.2425882282267599E-006   1.7911271482507049E-006   2.2351824643875427E-006   2.5880365029941144E-006   2.8719615615538083E-006   3.1050847153834618E-006   3.2993003705135275E-006   3.4601327235765405E-006   3.5900904028762220E-006   3.6895960545114792E-006   3.7589146475642607E-006   3.7983377622552259E-006   3.8078767019962667E-006   3.7872963417378507E-006   3.7365055618229225E-006   3.6554370845221137E-006   3.5437381510748350E-006   3.4011089162397511E-006   3.2274306499772828E-006   3.0223877659197423E-006   2.7859062823906787E-006   2.5177031617376162E-006   2.2175511991113504E-006   1.8853072824542387E-006   1.5206745120125748E-006   1.1229850045138228E-006   6.9364274128429046E-007   2.2849556256741645E-007  -2.6466730631476414E-007  -8.0358866793880705E-007  -1.3566726298155371E-006   0.0000000000000000       -1.5763874005809064E-007  -3.7354448945628381E-007  -6.1915187093606208E-007  -8.4652725047178192E-007  -1.0434089572362570E-006  -1.2092899387046079E-006  -1.3481609087506581E-006  -1.4645827086652657E-006  -1.5621267108537710E-006  -1.6429441510004268E-006  -1.7081893894278308E-006  -1.7587929811344941E-006  -1.7952519706795540E-006  -1.8177536573311036E-006  -1.8263775619492766E-006  -1.8212448767619457E-006  -1.8023736029619470E-006  -1.7696483397868871E-006  -1.7232587990792525E-006  -1.6631863762869501E-006  -1.5893155783913654E-006  -1.5016227558049430E-006  -1.4002206732582329E-006  -1.2849969821556627E-006  -1.1559263551802027E-006  -1.0128619889714232E-006  -8.5572661412056423E-007  -6.8482893641012608E-007  -4.9874121409466619E-007  -3.0066167500957262E-007  -8.2704781315035295E-008   1.4035013468121383E-007   0.0000000000000000        2.5156726558672515E-008   5.6968993739239323E-008   1.0007440677822019E-007   1.4469596531294370E-007   1.8801629650881647E-007   2.2847399861110116E-007   2.6553643091112592E-007   2.9920570178793732E-007   3.2957025532577923E-007   3.5668333695548182E-007   3.8053494429384284E-007   4.0116213350498747E-007   4.1851668418045641E-007   4.3251032747345401E-007   4.4304783009561785E-007   4.5004495187605980E-007   4.5325858917323739E-007   4.5273626879112780E-007   4.4831576672579789E-007   4.3975359529825959E-007   4.2700671478892914E-007   4.1006480972789425E-007   3.8877228651075392E-007   3.6296662573083259E-007   3.3275203589527670E-007   2.9785954770840970E-007   2.5820065587035522E-007   2.1395192967878197E-007   1.6429894894607800E-007   1.1058977825766513E-007   4.9481316837726060E-008  -1.2848017032537365E-008   0.0000000000000000       -3.1969535608500711E-009  -8.3636049297074169E-009  -1.5072497354992498E-008  -2.2013172347251029E-008  -2.9177522509450304E-008  -3.6421829445989490E-008  -4.3617586569594235E-008  -5.0653557015878161E-008  -5.7411488604439893E-008  -6.3824626672791690E-008  -6.9808402855990031E-008  -7.5348317596286624E-008  -8.0379296738319719E-008  -8.4787133747147338E-008  -8.8562172017996497E-008  -9.1642995508960794E-008  -9.3928457950449697E-008  -9.5453095418456552E-008  -9.6169536106070949E-008  -9.5909714258804245E-008  -9.4598724141699073E-008  -9.2237469733927064E-008  -8.8782701908176426E-008  -8.4134516181398124E-008  -7.8305079745532732E-008  -7.1175385330114343E-008  -6.2743090618555342E-008  -5.3033029712551606E-008  -4.1634874732301694E-008  -2.9179996665749125E-008  -1.4224865385102977E-008   6.3799479966072408E-010   0.0000000000000000        1.8039314603994884E-009   3.8293293258677590E-009   6.0493637104537310E-009   8.3168520606676067E-009   1.0771628840838221E-008   1.3390487831476359E-008   1.6101424690242377E-008   1.8810171031460262E-008   2.1446563021107591E-008   2.3973628085653977E-008   2.6348718143599414E-008   2.8562632621262126E-008   3.0551858744843712E-008   3.2341773638446230E-008   3.3895234149263572E-008   3.5172376163683353E-008   3.6156949503982246E-008   3.6868106137467436E-008   3.7183362932475132E-008   3.7170902071996349E-008   3.6776908523311026E-008   3.5960992703633629E-008   3.4709078254108490E-008   3.2974973929688464E-008   3.0830083133504802E-008   2.8119304584121470E-008   2.4939495160425461E-008   2.1209027035791189E-008   1.6835574297079726E-008   1.2029786257844987E-008   6.2118867101638874E-009   4.5652591783400916E-010   0.0000000000000000       -3.2206421379413696E-010  -7.5818475718511148E-010  -1.2192508373942776E-009  -1.6898684469300252E-009  -2.2327218507358043E-009  -2.8481280837540756E-009  -3.5264569334279912E-009  -4.2348325807566257E-009  -4.9648374030466381E-009  -5.6874994708123741E-009  -6.4054988120288641E-009  -7.0919034835551537E-009  -7.7457880761347812E-009  -8.3642430783257134E-009  -8.8955357023389011E-009  -9.3897134272426042E-009  -9.8098487155055382E-009  -1.0114209531390192E-008  -1.0374634123605196E-008  -1.0537736795385634E-008  -1.0514762087100215E-008  -1.0420384421289680E-008  -1.0164027223239667E-008  -9.7740841018002154E-009  -9.2246337800719458E-009  -8.4988059555487101E-009  -7.6234780041727722E-009  -6.5492474257101903E-009  -5.2630571611838365E-009  -3.8170435041322330E-009  -2.0180364426405756E-009  -2.5105677674261867E-010   0.0000000000000000        2.5148747026378669E-012   2.1373701112315514E-011   2.6159617456578726E-011   3.8102608003256367E-011   6.5717661812761194E-011   1.0480246281103502E-010   1.5052717929121935E-010   2.0034498830112708E-010   2.5380636468584147E-010   3.1062223475421232E-010   3.7042398179019658E-010   4.3103166969487055E-010   4.9060253778046357E-010   5.4922415787255796E-010   6.0549378361070079E-010   6.5739332965688640E-010   7.0721210461745828E-010   7.5171784086151715E-010   7.8721212734283623E-010   8.1900639480105729E-010   8.4625965336656122E-010   8.5896572896985469E-010   8.5771678970798403E-010   8.4287618850757166E-010   8.1155941597564363E-010   7.6562012857990030E-010   7.0491280597216354E-010   6.2722057505413598E-010   5.1606509881299029E-010   4.0514546153817159E-010   2.2047557826962217E-010   9.7597954638194166E-011
   0.0000000000000000        3.0679615757712815E-003   6.1359231515425647E-003   9.2038847273138488E-003   1.2271846303085133E-002   1.5339807878856417E-002   1.8407769454627701E-002   2.1475731030398987E-002   2.4543692606170269E-002   2.7611654181941551E-002   3.0679615757712834E-002   3.3747577333484116E-002   3.6815538909255402E-002   3.9883500485026681E-002   4.2951462060797967E-002   4.6019423636569246E-002   4.9087385212340531E-002   5.2155346788111810E-002   5.5223308363883096E-002   5.8291269939654375E-002   6.1359231515425661E-002   6.4427193091196946E-002   6.7495154666968218E-002   7.0563116242739504E-002   7.3631077818510790E-002   7.6699039394282076E-002   7.9767000970053348E-002   8.2834962545824634E-002   8.5902924121595919E-002   8.8970885697367205E-002   9.2038847273138477E-002   9.5106808848909763E-002   9.8174770424681035E-002
  0.99999997005900487       0.99902253333531388       0.99804460708922915       0.99706570270393291       0.99608582209257968       0.99510496643788282       0.99412313592381629       0.99314033020153869       0.99215654813328136       0.99117178807017137       0.99018604746527006       0.98919932379544240       0.98821161416037895       0.98722291562338760       0.98623322548096015       0.98524254052530791       0.98425085819049507       0.98325817514983060       0.98226448859158011       0.98126979561667782       0.98027409285193101       0.97927737767498413       0.97827964668454892       0.97728089691128739       0.97628112527369626       0.97528032852319813       0.97427850374322866       0.97327564744356043       0.97227175679105216       0.97126682836815403       0.97026085894687819       0.96925384536195147       0.96824630853851312     
   24867.959858108647        24090.836112542747        23313.712366976852        22536.588621410956        21759.464875845060        20982.341130279172        20205.217384713276        19428.093639147381        18650.969893581489        17873.846148015597        17096.722402449701        16319.598656883805        15542.474911317906        14765.351165752008        13988.227420186113        13211.103674620219        12433.979929054323        11656.856183488428        10879.732437922532        10102.608692356634        9325.4849467907407        8548.3612012248450        7771.2374556589493        6994.1137100930537        6216.9899645271589        5439.8662189612633        4662.7424733953685        3885.6187278294719        3108.4949822635749        2331.3712366976824        1554.2474911317904        777.12374556589521        0.0000000000000000     
 -0.50000000000000033      -0.50000000000000000      -0.49999999999999978      -0.49999999999999978      -0.49999999999999978      -0.49999999999999967      -0.49999999999999967      -0.49999999999999967      -0.49999999999999967      -0.49999999999999967      -0.49999999999999967      -0.49999999999999967      -0.49999999999999967      -0.49999999999999967      -0.49999999999999967      -0.49999999999999967      -0.49999999999999967      -0.49999999999999967      -0.49999999999999967      -0.49999999999999967      -0.49999999999999967      -0.49999999999999967      -0.49999999999999967      -0.49999999999999967      -0.49999999999999967      -0.49999999999999967      -0.49999999999999967      -0.49999999999999967      -0.49999999999999978      -0.49999999999999978      -0.49999999999999978      -0.50000000000000000      -0.50000000000000011     
